#Accelerometer
accelerometer_noise_density: 7.28403058539497e-05 
accelerometer_random_walk: 4.7963533472819135e-06 

#Gyroscope
gyroscope_noise_density: 0.00010497945035048679 
gyroscope_random_walk: 8.37121579991204e-08 

rostopic: '/sensors/imu' #Make sure this is correct
update_rate: 400.0 #Make sure this is correct

